[gd_scene load_steps=9 format=3 uid="uid://bp1hkrg2i3h82"]

[ext_resource type="ArrayMesh" uid="uid://k0ag2sduflc0" path="res://BasicTestLevelOpenTop.obj" id="1_75udx"]

[sub_resource type="ProceduralSkyMaterial" id="ProceduralSkyMaterial_7q6xi"]
sky_horizon_color = Color(0.64625, 0.65575, 0.67075, 1)
ground_horizon_color = Color(0.64625, 0.65575, 0.67075, 1)

[sub_resource type="Sky" id="Sky_opf1y"]
sky_material = SubResource("ProceduralSkyMaterial_7q6xi")

[sub_resource type="Environment" id="Environment_sgphw"]
background_mode = 2
sky = SubResource("Sky_opf1y")
tonemap_mode = 2
glow_enabled = true

[sub_resource type="StandardMaterial3D" id="StandardMaterial3D_l6435"]
albedo_color = Color(1, 1, 0, 1)

[sub_resource type="CylinderMesh" id="CylinderMesh_xnyfh"]
material = SubResource("StandardMaterial3D_l6435")
top_radius = 1.0
bottom_radius = 1.0

[sub_resource type="BoxShape3D" id="BoxShape3D_jhedl"]
resource_name = "box_shape"
size = Vector3(1.1, 5, 3.3)

[sub_resource type="BoxShape3D" id="BoxShape3D_5iiqr"]
resource_name = "box_shape"
size = Vector3(1.1, 5, 3.3)

[node name="Node3D" type="Node3D"]

[node name="WorldEnvironment" type="WorldEnvironment" parent="."]
environment = SubResource("Environment_sgphw")

[node name="Node" type="Node" parent="."]

[node name="DirectionalLight3D" type="DirectionalLight3D" parent="Node"]
transform = Transform3D(1, 0, 0, 0, 0.5, 0.866025, 0, -0.866025, 0.5, 0, 0, 0)

[node name="DirectionalLight3D2" type="DirectionalLight3D" parent="Node"]
transform = Transform3D(-0.5, -0.75, 0.433013, 0, 0.5, 0.866025, -0.866025, 0.433013, -0.25, 0, 0, 0)

[node name="BasicTestLevelOpenTop" type="MeshInstance3D" parent="."]
transform = Transform3D(2.68521, 0, 0, 0, 2.68521, 0, 0, 0, 2.68521, 0, -6.112, -6.086)
mesh = ExtResource("1_75udx")

[node name="CustomScene3501" type="CustomScene3501" parent="."]

[node name="PlayerTestObject" type="Player" parent="CustomScene3501"]
transform = Transform3D(1, 0, 0, 0, 1, 0, 0, 0, 1, 0, -11.5, -10)
mesh = SubResource("CylinderMesh_xnyfh")

[node name="Cameras" type="Node" parent="CustomScene3501"]

[node name="Absalute Camera" type="PlayerCamera" parent="CustomScene3501/Cameras"]
current = true

[node name="cam_1_trigg_1" type="CameraTrigger" parent="CustomScene3501/Cameras/Absalute Camera"]
transform = Transform3D(1, 0, 0, 0, 1, 0, 0, 0, 1, 5, -12, -6)

[node name="@CollisionShape3D@17485" type="CollisionShape3D" parent="CustomScene3501/Cameras/Absalute Camera/cam_1_trigg_1"]
shape = SubResource("BoxShape3D_jhedl")

[node name="Pans Camera" type="PlayerCamera" parent="CustomScene3501/Cameras"]
transform = Transform3D(-1, 0, -8.74228e-08, 0, 1, 0, 8.74228e-08, 0, -1, 7.2, -9.7, -24.5)

[node name="Stiff Camera" type="PlayerCamera" parent="CustomScene3501/Cameras"]
transform = Transform3D(0.694658, -0.281068, 0.662156, 0, 0.920505, 0.390731, -0.71934, -0.271425, 0.639436, 20.5, 0, 0)

[node name="cam_3_trigg_1" type="CameraTrigger" parent="CustomScene3501/Cameras/Stiff Camera"]
transform = Transform3D(0.694658, 0, -0.71934, -0.281068, 0.920505, -0.271425, 0.662156, 0.390731, 0.639436, -3.3, -6, -16.5)

[node name="@CollisionShape3D@17486" type="CollisionShape3D" parent="CustomScene3501/Cameras/Stiff Camera/cam_3_trigg_1"]
shape = SubResource("BoxShape3D_5iiqr")
