[gd_scene load_steps=5 format=3 uid="uid://bp1hkrg2i3h82"]

[ext_resource type="ArrayMesh" uid="uid://d1l548dmx3b5o" path="res://BasicTestLevelOpenTop_reexport.obj" id="1_qyvmj"]

[sub_resource type="ProceduralSkyMaterial" id="ProceduralSkyMaterial_7q6xi"]
sky_horizon_color = Color(0.64625, 0.65575, 0.67075, 1)
ground_horizon_color = Color(0.64625, 0.65575, 0.67075, 1)

[sub_resource type="Sky" id="Sky_opf1y"]
sky_material = SubResource("ProceduralSkyMaterial_7q6xi")

[sub_resource type="Environment" id="Environment_sgphw"]
background_mode = 2
sky = SubResource("Sky_opf1y")
tonemap_mode = 2
glow_enabled = true

[node name="Node3D" type="Node3D"]

[node name="WorldEnvironment" type="WorldEnvironment" parent="."]
environment = SubResource("Environment_sgphw")

[node name="Lights" type="Node" parent="."]

[node name="DirectionalLight3D" type="DirectionalLight3D" parent="Lights"]
transform = Transform3D(1, 0, 0, 0, 0.866025, 0.5, 0, -0.5, 0.866025, 0, 0, 0)

[node name="DirectionalLight3D2" type="DirectionalLight3D" parent="Lights"]
transform = Transform3D(-0.5, -0.433013, 0.75, 0, 0.866025, 0.5, -0.866025, 0.25, -0.433013, 0, 0, 0)

[node name="DirectionalLight3D3" type="DirectionalLight3D" parent="Lights"]
transform = Transform3D(-0.5, 0.433013, -0.75, 0, 0.866025, 0.5, 0.866025, 0.25, -0.433013, 0, 0, 0)

[node name="BasicTestLevelOpenTopReexport" type="MeshInstance3D" parent="."]
transform = Transform3D(1.5, 0, 0, 0, 1.5, 0, 0, 0, 1.5, -0.023295, -12.9195, -5.63523)
mesh = ExtResource("1_qyvmj")
