[gd_scene load_steps=2 format=3 uid="uid://bp1hkrg2i3h82"]

[ext_resource type="ArrayMesh" uid="uid://d1l548dmx3b5o" path="res://BasicTestLevelOpenTop_reexport.obj" id="1_qyvmj"]

[node name="Node3D" type="Node3D"]

[node name="Lights" type="Node" parent="."]

[node name="DirectionalLight3D" type="DirectionalLight3D" parent="Lights"]
transform = Transform3D(1, 0, 0, 0, 0.866025, 0.5, 0, -0.5, 0.866025, 0, 0, 0)
visible = false

[node name="DirectionalLight3D2" type="DirectionalLight3D" parent="Lights"]
transform = Transform3D(-0.5, -0.433013, 0.75, 0, 0.866025, 0.5, -0.866025, 0.25, -0.433013, 0, 0, 0)
visible = false

[node name="DirectionalLight3D3" type="DirectionalLight3D" parent="Lights"]
transform = Transform3D(-0.5, 0.433013, -0.75, 0, 0.866025, 0.5, 0.866025, 0.25, -0.433013, 0, 0, 0)
visible = false

[node name="BasicTestLevelOpenTopReexport" type="MeshInstance3D" parent="."]
transform = Transform3D(1.5, 0, 0, 0, 1.5, 0, 0, 0, 1.5, -0.023295, -12.9195, -5.63523)
visible = false
mesh = ExtResource("1_qyvmj")
